10面骰子
投擲次數->骰子個數 2
1~10次數集合
1~總和max出線的機率
[0. 0. 0. 0. 0. 0. 0. 1. 0. 0. 0. 0. 0. 0. 0. 0. 0. 0. 0. 0.]
所有號碼各別出現次數
[0. 0. 0. 2. 0. 0. 0. 0. 0. 0.]
期望值 8.0
variance 0.0
standard 0.0
10面骰子
投擲次數->骰子個數 2
1~10次數集合
1~總和max出線的機率
[0.  0.  0.  0.  0.  0.  0.1 0.  0.1 0.1 0.  0.2 0.1 0.2 0.1 0.  0.  0.1
 0.  0. ]
所有號碼各別出現次數
[0. 3. 0. 2. 5. 2. 0. 3. 1. 4.]
期望值 12.4
variance 4.6480000000000015
standard 2.1559220765138987
10面骰子
投擲次數->骰子個數 2
1~10次數集合
1~總和max出線的機率
[0.   0.03 0.   0.04 0.03 0.06 0.03 0.1  0.07 0.1  0.14 0.06 0.09 0.05
 0.09 0.02 0.05 0.03 0.   0.01]
所有號碼各別出現次數
[21. 25. 18. 14. 18. 23. 28. 19. 21. 13.]
期望值 10.759999999999998
variance 7.945295999999994
standard 2.8187401441069366
10面骰子
投擲次數->骰子個數 2
1~10次數集合
1~總和max出線的機率
[0.    0.006 0.018 0.027 0.037 0.052 0.068 0.074 0.082 0.081 0.096 0.088
 0.093 0.057 0.069 0.053 0.039 0.04  0.017 0.003]
所有號碼各別出現次數
[180. 184. 224. 205. 196. 220. 193. 199. 218. 181.]
期望值 11.055000000000003
variance 7.93422612500001
standard 2.816775838614072
10面骰子
投擲次數->骰子個數 2
1~10次數集合
1~總和max出線的機率
[0.     0.0103 0.0175 0.0321 0.041  0.0502 0.0637 0.0703 0.0802 0.0883
 0.1001 0.0906 0.0792 0.0679 0.0581 0.0479 0.0397 0.0296 0.0226 0.0107]
所有號碼各別出現次數
[1976. 2009. 1999. 2033. 1987. 2060. 2024. 2001. 1921. 1990.]
期望值 10.978299999999999
variance 8.246987675703997
standard 2.8717568970412515

?
