10面骰子
投擲次數->骰子個數 3
1~10次數集合
1~總和max出線的機率
[0. 0. 0. 0. 0. 0. 0. 0. 0. 0. 0. 0. 0. 0. 0. 0. 0. 0. 0. 0. 0. 1. 0. 0.
 0. 0. 0. 0. 0. 0.]
所有號碼各別出現次數
[0. 0. 0. 0. 1. 0. 1. 0. 0. 1.]
期望值 22.0
variance 0.0
standard 0.0
10面骰子
投擲次數->骰子個數 3
1~10次數集合
1~總和max出線的機率
[0.  0.  0.  0.  0.  0.  0.  0.  0.  0.  0.1 0.  0.1 0.  0.  0.2 0.1 0.2
 0.2 0.  0.1 0.  0.  0.  0.  0.  0.  0.  0.  0. ]
所有號碼各別出現次數
[1. 1. 9. 0. 5. 3. 4. 0. 3. 4.]
期望值 16.8
variance 0.0
standard 0.0
10面骰子
投擲次數->骰子個數 3
1~10次數集合
1~總和max出線的機率
[0.   0.   0.   0.   0.   0.   0.02 0.02 0.03 0.03 0.07 0.04 0.08 0.
 0.11 0.08 0.09 0.08 0.05 0.09 0.04 0.03 0.06 0.   0.02 0.04 0.01 0.01
 0.   0.  ]
所有號碼各別出現次數
[32. 27. 25. 27. 32. 30. 32. 40. 25. 30.]
期望值 16.78
variance 6.649640000000002
standard 2.5786895896947355
10面骰子
投擲次數->骰子個數 3
1~10次數集合
1~總和max出線的機率
[0.    0.    0.002 0.005 0.007 0.012 0.017 0.016 0.027 0.038 0.041 0.047
 0.053 0.061 0.067 0.081 0.075 0.078 0.079 0.061 0.06  0.047 0.031 0.036
 0.025 0.018 0.008 0.006 0.002 0.   ]
所有號碼各別出現次數
[296. 306. 303. 293. 274. 285. 320. 275. 321. 327.]
期望值 16.668000000000003
variance 9.562947776000005
standard 3.0924016194537223
10面骰子
投擲次數->骰子個數 3
1~10次數集合
1~總和max出線的機率
[0.     0.     0.0013 0.0027 0.0058 0.0099 0.0183 0.0206 0.0279 0.0384
 0.0433 0.0556 0.0658 0.0664 0.072  0.0761 0.0793 0.0663 0.0705 0.0621
 0.0556 0.0492 0.0316 0.0245 0.0207 0.0161 0.0096 0.0057 0.0035 0.0012]
所有號碼各別出現次數
[3086. 3023. 2962. 3065. 2969. 2937. 2920. 3128. 2935. 2975.]
期望值 16.437400000000004
variance 8.72058975312401
standard 2.9530644681625238